8.000135421752929688e-04
5.999803543090820312e-04
8.000135421752929688e-04
8.000135421752929688e-04
1.399993896484375000e-03
5.999803543090820312e-04
1.999735832214355469e-04
1.199960708618164062e-03
1.599967479705810547e-03
1.599967479705810547e-03
1.800000667572021484e-03
1.800000667572021484e-03
2.200007438659667969e-03
1.800000667572021484e-03
1.199960708618164062e-03
5.999803543090820312e-04
2.799987792968750000e-03
8.000135421752929688e-04
1.399993896484375000e-03
1.599967479705810547e-03
5.999803543090820312e-04
1.999974250793457031e-03
-2.000331878662109375e-04
5.999803543090820312e-04
9.999871253967285156e-04
1.599967479705810547e-03
1.399993896484375000e-03
2.399981021881103516e-03
2.799987792968750000e-03
2.600014209747314453e-03
8.000135421752929688e-04
1.399993896484375000e-03
1.399993896484375000e-03
9.999871253967285156e-04
1.800000667572021484e-03
5.999803543090820312e-04
2.200007438659667969e-03
1.599967479705810547e-03
1.599967479705810547e-03
1.800000667572021484e-03
1.999974250793457031e-03
1.199960708618164062e-03
1.199960708618164062e-03
1.599967479705810547e-03
4.000067710876464844e-04
9.999871253967285156e-04
8.000135421752929688e-04
8.000135421752929688e-04
1.199960708618164062e-03
8.000135421752929688e-04
5.999803543090820312e-04
5.999803543090820312e-04
1.800000667572021484e-03
9.999871253967285156e-04
1.599967479705810547e-03
1.599967479705810547e-03
1.999974250793457031e-03
1.599967479705810547e-03
1.800000667572021484e-03
2.200007438659667969e-03
8.000135421752929688e-04
8.000135421752929688e-04
5.999803543090820312e-04
1.599967479705810547e-03
8.000135421752929688e-04
1.199960708618164062e-03
4.000067710876464844e-04
8.000135421752929688e-04
9.999871253967285156e-04
4.000067710876464844e-04
1.999735832214355469e-04
1.399993896484375000e-03
9.999871253967285156e-04
9.999871253967285156e-04
1.599967479705810547e-03
8.000135421752929688e-04
8.000135421752929688e-04
9.999871253967285156e-04
0.000000000000000000e+00
4.000067710876464844e-04
4.000067710876464844e-04
1.599967479705810547e-03
8.000135421752929688e-04
1.999735832214355469e-04
8.000135421752929688e-04
4.000067710876464844e-04
1.599967479705810547e-03
1.599967479705810547e-03
1.199960708618164062e-03
1.399993896484375000e-03
9.999871253967285156e-04
8.000135421752929688e-04
1.199960708618164062e-03
0.000000000000000000e+00
9.999871253967285156e-04
8.000135421752929688e-04
1.999735832214355469e-04
8.000135421752929688e-04
9.999871253967285156e-04
8.000135421752929688e-04
1.599967479705810547e-03
1.999974250793457031e-03
1.599967479705810547e-03
1.399993896484375000e-03
9.999871253967285156e-04
1.399993896484375000e-03
1.599967479705810547e-03
2.399981021881103516e-03
2.399981021881103516e-03
1.599967479705810547e-03
1.199960708618164062e-03
2.600014209747314453e-03
1.800000667572021484e-03
8.000135421752929688e-04
1.999974250793457031e-03
1.800000667572021484e-03
1.800000667572021484e-03
2.799987792968750000e-03
2.399981021881103516e-03
3.600001335144042969e-03
1.999974250793457031e-03
2.999961376190185547e-03
2.999961376190185547e-03
3.199994564056396484e-03
1.199960708618164062e-03
4.599988460540771484e-03
2.600014209747314453e-03
4.199981689453125000e-03
2.999961376190185547e-03
2.200007438659667969e-03
2.999961376190185547e-03
5.800008773803710938e-03
2.399981021881103516e-03
3.399968147277832031e-03
3.799974918365478516e-03
4.999995231628417969e-03
5.800008773803710938e-03
5.599975585937500000e-03
4.400014877319335938e-03
4.400014877319335938e-03
5.599975585937500000e-03
3.799974918365478516e-03
6.599962711334228516e-03
3.799974918365478516e-03
4.599988460540771484e-03
5.199968814849853516e-03
3.600001335144042969e-03
5.800008773803710938e-03
4.999995231628417969e-03
5.199968814849853516e-03
3.399968147277832031e-03
3.199994564056396484e-03
2.999961376190185547e-03
5.199968814849853516e-03
3.799974918365478516e-03
1.599967479705810547e-03
2.200007438659667969e-03
2.999961376190185547e-03
3.600001335144042969e-03
4.400014877319335938e-03
4.599988460540771484e-03
2.399981021881103516e-03
3.799974918365478516e-03
3.799974918365478516e-03
2.600014209747314453e-03
2.200007438659667969e-03
2.200007438659667969e-03
2.999961376190185547e-03
2.999961376190185547e-03
2.999961376190185547e-03
3.600001335144042969e-03
2.200007438659667969e-03
2.799987792968750000e-03
1.399993896484375000e-03
1.999974250793457031e-03
9.999871253967285156e-04
2.600014209747314453e-03
1.599967479705810547e-03
1.399993896484375000e-03
1.599967479705810547e-03
2.399981021881103516e-03
1.999974250793457031e-03
1.399993896484375000e-03
1.999974250793457031e-03
1.599967479705810547e-03
1.599967479705810547e-03
5.999803543090820312e-04
1.999735832214355469e-04
9.999871253967285156e-04
8.000135421752929688e-04
8.000135421752929688e-04
